<?xml version="1.0" encoding="UTF-8" standalone="no"?>
<!-- Created with Inkscape (http://www.inkscape.org/) -->

<svg
   width="208.0547mm"
   height="208.0547mm"
   viewBox="0 0 208.0547 208.0547"
   version="1.1"
   id="svg1"
   xml:space="preserve"
   xmlns="http://www.w3.org/2000/svg"
   xmlns:svg="http://www.w3.org/2000/svg"><defs
     id="defs1"><linearGradient
       id="linearGradient15-1"><stop
         style="stop-color:#9f1aef;stop-opacity:1;"
         offset="0"
         id="stop15" /><stop
         style="stop-color:#9f1aef;stop-opacity:0;"
         offset="1"
         id="stop16" /></linearGradient></defs><g
     id="layer3"
     style="display:inline"
     transform="translate(-1.034509,-43.23442)"><rect
       style="display:none;fill:#ffe600;fill-opacity:1;stroke:none;stroke-width:0;stroke-linecap:round;stroke-dasharray:none;stroke-opacity:1"
       id="rect12"
       width="210"
       height="297"
       x="0"
       y="-0.52916664" /></g><g
     id="layer1"
     style="display:inline"
     transform="matrix(1.7075949,0,0,1.7075949,-50.864382,-183.12264)"><g
       id="text10"
       style="font-size:16.2854px;letter-spacing:1.5622px;word-spacing:3.7082px;display:inline;fill:#8114c2;stroke:#820ec8;stroke-width:0.701008;stroke-linecap:round"
       transform="matrix(0.8689226,0,0,0.97351018,8.1341542,1.4696849)"
       aria-label="GRAVICAP"><g
         id="g43"><path
           style="font-family:Carlito;-inkscape-font-specification:'Carlito, Normal';font-variant-ligatures:discretionary-ligatures no-contextual;text-align:center;text-anchor:middle"
           d="m 130.94852,211.11129 2.44665,3.04016 c -0.4486,0.36082 -0.90113,0.71797 -1.3576,1.07116 l -6.40986,-8.26941 c 0.83748,-0.65046 1.66566,-1.31891 2.48488,-2.00289 0.52169,-0.43556 1.0192,-0.75984 1.49916,-0.9715 0.48396,-0.21527 0.94278,-0.32946 1.37884,-0.34027 0.43587,-0.0108 0.84931,0.0779 1.24009,0.26836 0.39143,0.18261 0.75384,0.45539 1.08513,0.82044 0.32781,0.36122 0.55959,0.75208 0.69293,1.1747 0.13769,0.41848 0.17204,0.85863 0.10043,1.32006 -0.0707,0.45341 -0.25196,0.91812 -0.54603,1.39115 -0.29285,0.46487 -0.70685,0.92453 -1.24205,1.37201 -0.45383,0.37943 -0.91134,0.75489 -1.37257,1.12603 z"
           id="path28" /><path
           style="font-size:16.2854px;font-family:Carlito;-inkscape-font-specification:'Carlito, Normal';font-variant-ligatures:discretionary-ligatures no-contextual;text-align:center;letter-spacing:1.5622px;word-spacing:3.7082px;text-anchor:middle;display:inline;fill:#ffffff;fill-opacity:1;stroke:none;stroke-width:0.701008;stroke-linecap:round"
           d="m 130.2295,210.21786 c 0.45553,-0.36659 0.90756,-0.73754 1.35612,-1.11249 0.32204,-0.26918 0.57145,-0.55039 0.74804,-0.84109 0.17663,-0.29076 0.28288,-0.5792 0.31946,-0.86405 0.0411,-0.28879 0.0137,-0.5681 -0.0812,-0.83775 -0.0905,-0.27361 -0.24137,-0.52946 -0.45175,-0.76843 -0.44169,-0.50172 -0.93963,-0.7527 -1.4892,-0.76022 -0.55423,-0.0115 -1.14576,0.2539 -1.78802,0.79027 -0.42896,0.35823 -0.86054,0.71235 -1.29478,1.06199 z"
           id="path29" /></g><g
         id="g42"><path
           style="font-family:Carlito;-inkscape-font-specification:'Carlito, Normal';font-variant-ligatures:discretionary-ligatures no-contextual;text-align:center;text-anchor:middle"
           d="m 129.35638,217.21701 c -0.36554,0.26104 -0.7335,0.51938 -1.10389,0.77491 -0.1261,0.087 -0.2469,0.13118 -0.36184,0.13269 -0.10971,-0.002 -0.21251,-0.0283 -0.30836,-0.0786 -0.76643,-0.49183 -1.52506,-0.99149 -2.2754,-1.49912 -1.39392,0.92162 -2.8198,1.79859 -4.27863,2.62355 0.11173,0.89456 0.211,1.79313 0.29732,2.69573 0.009,0.0974 -0.0177,0.2026 -0.0813,0.31533 -0.058,0.10964 -0.15257,0.19977 -0.28363,0.26986 -0.40173,0.21482 -0.80601,0.426 -1.21284,0.63342 -0.15376,-3.82592 -0.5609,-7.58082 -1.18141,-11.2645 0.43707,-0.26204 0.87168,-0.53003 1.30387,-0.80369 3.00627,2.21524 6.18111,4.27844 9.48615,6.20039 z"
           id="path26" /><path
           style="font-size:16.2854px;font-family:Carlito;-inkscape-font-specification:'Carlito, Normal';font-variant-ligatures:discretionary-ligatures no-contextual;text-align:center;letter-spacing:1.5622px;word-spacing:3.7082px;text-anchor:middle;display:inline;fill:#ffffff;fill-opacity:1;stroke:none;stroke-width:0.701008;stroke-linecap:round"
           d="m 120.88508,218.06408 c 1.18824,-0.68187 2.3549,-1.39931 3.50055,-2.14811 -1.24077,-0.86328 -2.45794,-1.74882 -3.64928,-2.65721 -0.11568,-0.0777 -0.24231,-0.17364 -0.37974,-0.28787 -0.13741,-0.11425 -0.279,-0.24153 -0.4248,-0.38186 0.0574,0.201 0.1059,0.38867 0.14575,0.56295 0.0399,0.17424 0.0707,0.32915 0.0927,0.46451 0.27122,1.47126 0.51027,2.95378 0.71486,4.44759 z"
           id="path27" /></g><path
         style="font-family:Carlito;-inkscape-font-specification:'Carlito, Normal';font-variant-ligatures:discretionary-ligatures no-contextual;text-align:center;text-anchor:middle"
         d="m 115.8513,222.53666 c 0.0808,-0.0361 0.16861,-0.0406 0.26388,-0.0139 0.002,5.5e-4 0.003,0.001 0.005,0.002 0.28984,0.0945 0.58111,0.18698 0.87377,0.27738 -0.0911,0.29291 -0.21429,0.57421 -0.36979,0.84329 -0.18719,0.3217 -0.42093,0.62574 -0.70135,0.9101 -0.51531,0.52257 -1.22337,0.9653 -2.11807,1.30528 -0.79003,0.3002 -1.55919,0.43268 -2.28981,0.40178 -0.72443,-0.033 -1.3861,-0.20897 -1.97703,-0.52036 -0.58674,-0.31856 -1.08546,-0.7625 -1.49996,-1.32531 -0.41019,-0.57 -0.71029,-1.23841 -0.91498,-2.00215 -0.20442,-0.76273 -0.27039,-1.4928 -0.21302,-2.18487 0.056,-0.69757 0.21986,-1.33201 0.48516,-1.90438 0.26556,-0.5729 0.62685,-1.07008 1.08572,-1.49866 0.4593,-0.429 1.00369,-0.76016 1.64529,-1.00482 0.63666,-0.24277 1.23409,-0.35804 1.80686,-0.34148 0.37125,0.009 0.7323,0.0572 1.08449,0.14483 0.1965,0.0483 0.39015,0.10882 0.58105,0.18177 -0.0535,0.24705 -0.10875,0.49425 -0.1658,0.74159 -0.006,0.0245 -0.0112,0.049 -0.0168,0.0735 -0.0112,0.0573 -0.0333,0.11066 -0.0666,0.16018 -0.0333,0.0495 -0.086,0.0902 -0.158,0.12184 -0.0875,0.0384 -0.20467,0.0374 -0.35068,-0.004 -0.14101,-0.0432 -0.31778,-0.0798 -0.53065,-0.11113 -0.2149,-0.0362 -0.46556,-0.0468 -0.75275,-0.0335 -0.28734,0.0132 -0.61668,0.0929 -0.99255,0.23628 -0.44264,0.16881 -0.81835,0.40419 -1.13287,0.71143 -0.3091,0.30522 -0.54676,0.67056 -0.71437,1.09934 -0.16379,0.42169 -0.25142,0.90049 -0.26026,1.43641 -0.005,0.52881 0.0826,1.10213 0.26972,1.71577 0.18894,0.61955 0.44346,1.1459 0.7724,1.57769 0.32871,0.43147 0.70368,0.76381 1.12642,0.9944 0.42247,0.23045 0.87885,0.36003 1.36548,0.38605 0.49253,0.0239 0.98687,-0.0575 1.47555,-0.24423 0.30153,-0.1152 0.56232,-0.23779 0.78182,-0.36566 0.22557,-0.13031 0.4221,-0.27093 0.58943,-0.42077 0.17123,-0.15725 0.31911,-0.32629 0.44356,-0.50647 0.12825,-0.18759 0.24365,-0.3938 0.34577,-0.61832 0.063,-0.1088 0.13741,-0.1824 0.22396,-0.22102 z"
         id="path7" /><path
         style="font-size:16.2854px;font-family:Carlito;-inkscape-font-specification:'Carlito, Normal';font-variant-ligatures:discretionary-ligatures no-contextual;text-align:center;letter-spacing:1.5622px;word-spacing:3.7082px;text-anchor:middle;display:inline;fill:#8114c2;stroke:#820ec8;stroke-width:0.701008;stroke-linecap:round"
         d="m 104.29189,228.39649 c -0.59621,0.10728 -1.19496,0.20408 -1.79597,0.29009 l -1.48916,-10.32878 c 0.47418,-0.069 0.94796,-0.14703 1.42108,-0.23378 z"
         id="path36" /><path
         style="font-size:16.2854px;font-family:Carlito;-inkscape-font-specification:'Carlito, Normal';font-variant-ligatures:discretionary-ligatures no-contextual;text-align:center;letter-spacing:1.5622px;word-spacing:3.7082px;text-anchor:middle;display:inline;fill:#8114c2;stroke:#820ec8;stroke-width:0.701008;stroke-linecap:round"
         d="m 89.139571,218.13732 c 0.381224,0.0697 0.762915,0.13361 1.144928,0.19156 0.124722,0.0189 0.221435,0.0651 0.290675,0.13918 0.06921,0.0741 0.11579,0.16074 0.139494,0.26023 0.519507,2.53308 1.202506,5.05806 2.060049,7.56153 0.06441,0.16898 0.125468,0.35351 0.183268,0.55355 0.06451,0.19515 0.119819,0.40022 0.165617,0.61516 0.06427,-0.20832 0.133688,-0.40588 0.208077,-0.59262 0.08107,-0.19169 0.163566,-0.36761 0.247559,-0.52771 0.626129,-1.30203 1.201959,-2.61811 1.725192,-3.94662 0.433596,-1.09988 0.830955,-2.20602 1.193088,-3.31718 0.0296,-0.0906 0.08547,-0.17115 0.167227,-0.24195 0.08178,-0.0708 0.182225,-0.10792 0.302062,-0.11183 0.383011,-0.0125 0.766274,-0.0314 1.149644,-0.0566 -0.758949,2.55838 -1.705878,5.09406 -2.854071,7.5904 -0.447101,0.97062 -0.923824,1.9334 -1.429136,2.88761 -0.551755,-0.0242 -1.102204,-0.0578 -1.651146,-0.10078 -1.382389,-3.5972 -2.38458,-7.24664 -3.042527,-10.90395 z"
         id="path35" /><g
         id="g41"><path
           style="font-size:16.2854px;font-family:Carlito;-inkscape-font-specification:'Carlito, Normal';font-variant-ligatures:discretionary-ligatures no-contextual;text-align:center;letter-spacing:1.5622px;word-spacing:3.7082px;text-anchor:middle;display:inline;fill:#8114c2;stroke:#820ec8;stroke-width:0.701008;stroke-linecap:round"
           d="m 86.095652,228.18059 c -0.459866,-0.0941 -0.918066,-0.19446 -1.374474,-0.30096 -0.155381,-0.0363 -0.274102,-0.0974 -0.355789,-0.18247 -0.07526,-0.0836 -0.126993,-0.1781 -0.155353,-0.28334 -0.157809,-0.90122 -0.296939,-1.80221 -0.417842,-2.7024 -1.642512,-0.44252 -3.260771,-0.96901 -4.847562,-1.57172 -0.621728,0.65795 -1.257484,1.30687 -1.906704,1.94634 -0.07012,0.069 -0.169913,0.1146 -0.299474,0.13627 -0.123449,0.0241 -0.255499,0.007 -0.395398,-0.051 -0.428785,-0.17838 -0.854978,-0.36204 -1.27845,-0.55084 2.894078,-2.52522 5.554623,-5.23789 7.934823,-8.10532 0.468074,0.16124 0.938123,0.31461 1.409861,0.45982 0.234131,3.71859 0.784312,7.46851 1.686362,11.20559 z"
           id="path32" /><path
           style="font-size:16.2854px;font-family:Carlito;-inkscape-font-specification:'Carlito, Normal';font-variant-ligatures:discretionary-ligatures no-contextual;text-align:center;letter-spacing:1.5622px;word-spacing:3.7082px;text-anchor:middle;display:inline;fill:#ffffff;fill-opacity:1;stroke:none;stroke-width:0.701008;stroke-linecap:round"
           d="m 79.708837,222.32109 c 1.295925,0.48006 2.611984,0.90818 3.944046,1.27993 -0.173016,-1.5045 -0.295892,-3.00612 -0.370707,-4.50233 -0.01517,-0.13843 -0.02344,-0.29704 -0.02461,-0.47578 -0.0012,-0.17875 0.005,-0.36914 0.01851,-0.57122 -0.114716,0.17466 -0.22519,0.33387 -0.331251,0.47768 -0.106045,0.14378 -0.203421,0.26806 -0.291734,0.37282 -0.939586,1.1633 -1.92189,2.30356 -2.944253,3.4189 z"
           id="path33" /></g><g
         id="g40"><path
           style="font-size:16.2854px;font-family:Carlito;-inkscape-font-specification:'Carlito, Normal';font-variant-ligatures:discretionary-ligatures no-contextual;text-align:center;letter-spacing:1.5622px;word-spacing:3.7082px;text-anchor:middle;display:inline;fill:#8114c2;stroke:#820ec8;stroke-width:0.701008;stroke-linecap:round"
           d="m 68.93339,216.39889 -2.31903,3.66517 c -0.494803,-0.31229 -0.985281,-0.63002 -1.471475,-0.95292 l 5.789795,-8.69045 c 0.827643,0.55341 1.664869,1.08561 2.511991,1.59439 0.564891,0.33927 1.020783,0.6804 1.370187,1.03406 0.356509,0.35146 0.612221,0.70912 0.766109,1.07898 0.161141,0.36749 0.227941,0.74521 0.197232,1.13454 -0.02826,0.3844 -0.1418,0.77569 -0.344555,1.17149 -0.166632,0.32528 -0.376013,0.60183 -0.630852,0.82803 -0.249587,0.22882 -0.535434,0.4027 -0.858515,0.51973 -0.317745,0.11975 -0.668624,0.1817 -1.051863,0.18377 -0.380626,-0.003 -0.781777,-0.0677 -1.20086,-0.19666 0.06023,0.10132 0.111671,0.20648 0.154333,0.31556 0.04525,0.10448 0.08043,0.2213 0.105667,0.35056 0.265368,1.72419 0.605638,3.45951 1.029299,5.20501 -0.472899,-0.23348 -0.942239,-0.47221 -1.408048,-0.716 -0.270374,-0.14151 -0.433492,-0.33971 -0.488839,-0.59167 -0.29934,-1.56668 -0.536027,-3.12421 -0.715989,-4.67198 -0.0189,-0.1467 -0.06271,-0.26839 -0.131646,-0.36533 -0.06107,-0.0984 -0.182033,-0.20205 -0.362794,-0.31229 -0.314991,-0.19211 -0.628369,-0.3868 -0.940147,-0.58399 z"
           id="path30" /><path
           style="font-size:16.2854px;font-family:Carlito;-inkscape-font-specification:'Carlito, Normal';font-variant-ligatures:discretionary-ligatures no-contextual;text-align:center;letter-spacing:1.5622px;word-spacing:3.7082px;text-anchor:middle;display:inline;fill:#ffffff;fill-opacity:1;stroke:none;stroke-width:0.701008;stroke-linecap:round"
           d="m 69.498284,215.50609 c 0.43021,0.27223 0.863401,0.53953 1.299606,0.80166 0.367308,0.22073 0.715385,0.3694 1.040623,0.44717 0.333141,0.0762 0.639609,0.0882 0.917882,0.0378 0.27831,-0.0505 0.523316,-0.16024 0.735187,-0.32774 0.219598,-0.16939 0.400764,-0.38712 0.545379,-0.65201 0.599698,-1.09846 0.179138,-2.0102 -1.176272,-2.82394 -0.426841,-0.25626 -0.851072,-0.51822 -1.27273,-0.78561 -0.696558,1.10089 -1.393117,2.20179 -2.089675,3.30268 z"
           id="path31" /></g><path
         style="font-size:16.2854px;font-family:Carlito;-inkscape-font-specification:'Carlito, Normal';font-variant-ligatures:discretionary-ligatures no-contextual;text-align:center;letter-spacing:1.5622px;word-spacing:3.7082px;text-anchor:middle;display:inline;fill:#8114c2;stroke:#820ec8;stroke-width:0.701008;stroke-linecap:round"
         d="m 62.215929,215.81363 c -0.710347,-0.0598 -1.39845,-0.23032 -2.058084,-0.5102 -0.654554,-0.27592 -1.296994,-0.67056 -1.919188,-1.18277 -0.749478,-0.617 -1.333322,-1.28608 -1.750862,-1.995 -0.412796,-0.70479 -0.660451,-1.41488 -0.747353,-2.12396 -0.08336,-0.71312 -0.0057,-1.40689 0.227144,-2.08042 0.236502,-0.67773 0.627361,-1.30271 1.166186,-1.88028 0.54227,-0.58127 1.134259,-1.01893 1.770564,-1.31859 0.644433,-0.2997 1.302935,-0.45848 1.974871,-0.48081 0.680073,-0.0224 1.360257,0.0935 2.044801,0.34447 0.684953,0.25111 1.344794,0.64373 1.990668,1.17814 0.3294,0.27256 0.613996,0.54532 0.854282,0.82034 0.247936,0.27439 0.45752,0.55229 0.628984,0.83508 0.174712,0.2786 0.315106,0.56174 0.421213,0.85034 0.110583,0.29201 0.19627,0.58662 0.256915,0.88429 -0.246151,0.0871 -0.493123,0.17316 -0.740891,0.2581 -0.118853,0.0429 -0.232119,0.0401 -0.339511,-0.009 -0.107387,-0.0487 -0.190984,-0.1431 -0.250118,-0.28275 -0.06238,-0.13537 -0.127641,-0.29022 -0.195269,-0.4643 -0.05987,-0.17479 -0.148742,-0.36267 -0.266225,-0.5642 -0.114207,-0.20572 -0.2669,-0.42604 -0.457715,-0.66214 -0.190865,-0.23614 -0.442337,-0.48222 -0.754563,-0.74089 -0.45729,-0.37885 -0.930597,-0.65462 -1.425509,-0.82778 -0.490369,-0.16935 -0.982612,-0.23663 -1.479051,-0.20037 -0.491906,0.0401 -0.978324,0.18561 -1.458714,0.43884 -0.476701,0.2492 -0.926581,0.60455 -1.34615,1.06896 -0.437547,0.4843 -0.757133,0.98537 -0.955332,1.50673 -0.190046,0.52126 -0.262582,1.0442 -0.21474,1.56816 0.05597,0.52399 0.228977,1.03893 0.520763,1.54127 0.295215,0.49827 0.706616,0.96768 1.233626,1.40206 0.406126,0.33473 0.80413,0.59148 1.190261,0.77059 0.389513,0.17499 0.799829,0.31194 1.229495,0.40999 l 1.405899,-1.81083 c -0.453625,-0.35198 -0.903522,-0.70859 -1.349737,-1.0695 -0.085,-0.0687 -0.136627,-0.14489 -0.154883,-0.22817 -0.01826,-0.0833 -0.0021,-0.15577 0.04825,-0.21748 l 0.5185,-0.63548 c 0.915422,0.74689 1.845902,1.47524 2.791849,2.18213 l -2.410355,3.22509 z"
         id="path2" /></g><g
       id="g57"
       transform="translate(0,2.7890102)"><g
         id="g9"
         style="display:inline"><g
           id="g34"><path
             style="display:inline;fill:none;stroke:#810ec8;stroke-width:6.52028;stroke-dasharray:none;stroke-opacity:1"
             d="m 96.801565,132.1344 c 0.578304,0 3.141613,0.54998 4.552355,1.02879 13.45454,4.56643 23.02108,17.21726 23.02108,32.24884 v 4e-5 c 0,13.89787 -9.4711,26.23603 -21.375,31.58792"
             id="path1" /><path
             style="display:inline;fill:none;stroke:#ae42f0;stroke-width:6.52028;stroke-dasharray:none;stroke-opacity:1"
             d="m 83.466996,198.91249 c -13.837683,-0.23541 -26.475756,-15.50523 -26.499341,-33.9214 -0.018,-14.05582 8.910667,-26.15191 21.032347,-31.41207"
             id="path34" /></g><g
           id="g10"
           style="display:inline"><path
             id="circle8"
             style="display:inline;fill:none;stroke:#af42f0;stroke-width:3.265;stroke-dasharray:none;stroke-opacity:1"
             d="m 87.211627,132.1344 a 4.8355284,4.8355284 0 0 1 -4.835528,4.83553 4.8355284,4.8355284 0 0 1 -4.835529,-4.83553 4.8355284,4.8355284 0 0 1 4.835529,-4.83553 4.8355284,4.8355284 0 0 1 4.835528,4.83553 z" /><path
             id="path6"
             style="display:inline;fill:none;stroke:#820dc9;stroke-width:3.265;stroke-dasharray:none;stroke-opacity:1"
             d="m 102.82204,198.67708 c 0,2.67059 -2.16494,4.83553 -4.835529,4.83553 -2.670589,0 -4.835529,-2.16494 -4.835528,-4.83553 -10e-7,-2.67059 2.164939,-4.83553 4.835528,-4.83553 2.670589,0 4.835529,2.16494 4.835529,4.83553 z" /></g></g><g
         id="g8"
         style="display:inline"><path
           style="display:inline;fill:#510981;fill-opacity:1;stroke:#520b7f;stroke-width:0.987;stroke-dasharray:none;stroke-opacity:1"
           d="m 85.938677,150.90621 0.01905,-0.12381 9.543844,5.10279 -1.011193,23.42971 -9.576292,-4.09163 z"
           id="path5" /><path
           style="display:inline;fill:#810ec8;fill-opacity:1;stroke:#810ec8;stroke-width:1;stroke-dasharray:none;stroke-opacity:1"
           d="m 100.43098,136.41344 8.86776,30.71084 -13.801614,11.80156 1.79375,-43.43929 z"
           id="path4" /><path
           style="display:inline;fill:#a944ee;fill-opacity:1;stroke:#ad42f0;stroke-width:1;stroke-dasharray:none;stroke-opacity:1"
           d="M 79.326403,194.72305 71,162.99999 l 14.033074,-11.8677 -2.01113,44.3659 z"
           id="path3" /></g></g><g
       id="g68"
       style="font-size:16.2854px;letter-spacing:1.5622px;word-spacing:3.7082px;display:inline;fill:#8114c2;stroke:#820ec8;stroke-width:0.701008;stroke-linecap:round"
       transform="matrix(-0.8689226,0,0,-0.97351018,173.1021,334.47562)"
       aria-label="GRAVICAP"><g
         id="g58"><path
           style="font-family:Carlito;-inkscape-font-specification:'Carlito, Normal';font-variant-ligatures:discretionary-ligatures no-contextual;text-align:center;text-anchor:middle"
           d="m 130.94852,211.11129 2.44665,3.04016 c -0.4486,0.36082 -0.90113,0.71797 -1.3576,1.07116 l -6.40986,-8.26941 c 0.83748,-0.65046 1.66566,-1.31891 2.48488,-2.00289 0.52169,-0.43556 1.0192,-0.75984 1.49916,-0.9715 0.48396,-0.21527 0.94278,-0.32946 1.37884,-0.34027 0.43587,-0.0108 0.84931,0.0779 1.24009,0.26836 0.39143,0.18261 0.75384,0.45539 1.08513,0.82044 0.32781,0.36122 0.55959,0.75208 0.69293,1.1747 0.13769,0.41848 0.17204,0.85863 0.10043,1.32006 -0.0707,0.45341 -0.25196,0.91812 -0.54603,1.39115 -0.29285,0.46487 -0.70685,0.92453 -1.24205,1.37201 -0.45383,0.37943 -0.91134,0.75489 -1.37257,1.12603 z"
           id="path57" /><path
           style="font-size:16.2854px;font-family:Carlito;-inkscape-font-specification:'Carlito, Normal';font-variant-ligatures:discretionary-ligatures no-contextual;text-align:center;letter-spacing:1.5622px;word-spacing:3.7082px;text-anchor:middle;display:inline;fill:#ffffff;fill-opacity:1;stroke:none;stroke-width:0.701008;stroke-linecap:round"
           d="m 130.2295,210.21786 c 0.45553,-0.36659 0.90756,-0.73754 1.35612,-1.11249 0.32204,-0.26918 0.57145,-0.55039 0.74804,-0.84109 0.17663,-0.29076 0.28288,-0.5792 0.31946,-0.86405 0.0411,-0.28879 0.0137,-0.5681 -0.0812,-0.83775 -0.0905,-0.27361 -0.24137,-0.52946 -0.45175,-0.76843 -0.44169,-0.50172 -0.93963,-0.7527 -1.4892,-0.76022 -0.55423,-0.0115 -1.14576,0.2539 -1.78802,0.79027 -0.42896,0.35823 -0.86054,0.71235 -1.29478,1.06199 z"
           id="path58" /></g><g
         id="g60"><path
           style="font-family:Carlito;-inkscape-font-specification:'Carlito, Normal';font-variant-ligatures:discretionary-ligatures no-contextual;text-align:center;text-anchor:middle"
           d="m 129.35638,217.21701 c -0.36554,0.26104 -0.7335,0.51938 -1.10389,0.77491 -0.1261,0.087 -0.2469,0.13118 -0.36184,0.13269 -0.10971,-0.002 -0.21251,-0.0283 -0.30836,-0.0786 -0.76643,-0.49183 -1.52506,-0.99149 -2.2754,-1.49912 -1.39392,0.92162 -2.8198,1.79859 -4.27863,2.62355 0.11173,0.89456 0.211,1.79313 0.29732,2.69573 0.009,0.0974 -0.0177,0.2026 -0.0813,0.31533 -0.058,0.10964 -0.15257,0.19977 -0.28363,0.26986 -0.40173,0.21482 -0.80601,0.426 -1.21284,0.63342 -0.15376,-3.82592 -0.5609,-7.58082 -1.18141,-11.2645 0.43707,-0.26204 0.87168,-0.53003 1.30387,-0.80369 3.00627,2.21524 6.18111,4.27844 9.48615,6.20039 z"
           id="path59" /><path
           style="font-size:16.2854px;font-family:Carlito;-inkscape-font-specification:'Carlito, Normal';font-variant-ligatures:discretionary-ligatures no-contextual;text-align:center;letter-spacing:1.5622px;word-spacing:3.7082px;text-anchor:middle;display:inline;fill:#ffffff;fill-opacity:1;stroke:none;stroke-width:0.701008;stroke-linecap:round"
           d="m 120.88508,218.06408 c 1.18824,-0.68187 2.3549,-1.39931 3.50055,-2.14811 -1.24077,-0.86328 -2.45794,-1.74882 -3.64928,-2.65721 -0.11568,-0.0777 -0.24231,-0.17364 -0.37974,-0.28787 -0.13741,-0.11425 -0.279,-0.24153 -0.4248,-0.38186 0.0574,0.201 0.1059,0.38867 0.14575,0.56295 0.0399,0.17424 0.0707,0.32915 0.0927,0.46451 0.27122,1.47126 0.51027,2.95378 0.71486,4.44759 z"
           id="path60" /></g><path
         style="font-family:Carlito;-inkscape-font-specification:'Carlito, Normal';font-variant-ligatures:discretionary-ligatures no-contextual;text-align:center;text-anchor:middle"
         d="m 115.8513,222.53666 c 0.0808,-0.0361 0.16861,-0.0406 0.26388,-0.0139 0.002,5.5e-4 0.003,0.001 0.005,0.002 0.28984,0.0945 0.58111,0.18698 0.87377,0.27738 -0.0911,0.29291 -0.21429,0.57421 -0.36979,0.84329 -0.18719,0.3217 -0.42093,0.62574 -0.70135,0.9101 -0.51531,0.52257 -1.22337,0.9653 -2.11807,1.30528 -0.79003,0.3002 -1.55919,0.43268 -2.28981,0.40178 -0.72443,-0.033 -1.3861,-0.20897 -1.97703,-0.52036 -0.58674,-0.31856 -1.08546,-0.7625 -1.49996,-1.32531 -0.41019,-0.57 -0.71029,-1.23841 -0.91498,-2.00215 -0.20442,-0.76273 -0.27039,-1.4928 -0.21302,-2.18487 0.056,-0.69757 0.21986,-1.33201 0.48516,-1.90438 0.26556,-0.5729 0.62685,-1.07008 1.08572,-1.49866 0.4593,-0.429 1.00369,-0.76016 1.64529,-1.00482 0.63666,-0.24277 1.23409,-0.35804 1.80686,-0.34148 0.37125,0.009 0.7323,0.0572 1.08449,0.14483 0.1965,0.0483 0.39015,0.10882 0.58105,0.18177 -0.0535,0.24705 -0.10875,0.49425 -0.1658,0.74159 -0.006,0.0245 -0.0112,0.049 -0.0168,0.0735 -0.0112,0.0573 -0.0333,0.11066 -0.0666,0.16018 -0.0333,0.0495 -0.086,0.0902 -0.158,0.12184 -0.0875,0.0384 -0.20467,0.0374 -0.35068,-0.004 -0.14101,-0.0432 -0.31778,-0.0798 -0.53065,-0.11113 -0.2149,-0.0362 -0.46556,-0.0468 -0.75275,-0.0335 -0.28734,0.0132 -0.61668,0.0929 -0.99255,0.23628 -0.44264,0.16881 -0.81835,0.40419 -1.13287,0.71143 -0.3091,0.30522 -0.54676,0.67056 -0.71437,1.09934 -0.16379,0.42169 -0.25142,0.90049 -0.26026,1.43641 -0.005,0.52881 0.0826,1.10213 0.26972,1.71577 0.18894,0.61955 0.44346,1.1459 0.7724,1.57769 0.32871,0.43147 0.70368,0.76381 1.12642,0.9944 0.42247,0.23045 0.87885,0.36003 1.36548,0.38605 0.49253,0.0239 0.98687,-0.0575 1.47555,-0.24423 0.30153,-0.1152 0.56232,-0.23779 0.78182,-0.36566 0.22557,-0.13031 0.4221,-0.27093 0.58943,-0.42077 0.17123,-0.15725 0.31911,-0.32629 0.44356,-0.50647 0.12825,-0.18759 0.24365,-0.3938 0.34577,-0.61832 0.063,-0.1088 0.13741,-0.1824 0.22396,-0.22102 z"
         id="path61" /><path
         style="font-size:16.2854px;font-family:Carlito;-inkscape-font-specification:'Carlito, Normal';font-variant-ligatures:discretionary-ligatures no-contextual;text-align:center;letter-spacing:1.5622px;word-spacing:3.7082px;text-anchor:middle;display:inline;fill:#8114c2;stroke:#820ec8;stroke-width:0.701008;stroke-linecap:round"
         d="m 104.29189,228.39649 c -0.59621,0.10728 -1.19496,0.20408 -1.79597,0.29009 l -1.48916,-10.32878 c 0.47418,-0.069 0.94796,-0.14703 1.42108,-0.23378 z"
         id="path62" /><path
         style="font-size:16.2854px;font-family:Carlito;-inkscape-font-specification:'Carlito, Normal';font-variant-ligatures:discretionary-ligatures no-contextual;text-align:center;letter-spacing:1.5622px;word-spacing:3.7082px;text-anchor:middle;display:inline;fill:#8114c2;stroke:#820ec8;stroke-width:0.701008;stroke-linecap:round"
         d="m 89.139571,218.13732 c 0.381224,0.0697 0.762915,0.13361 1.144928,0.19156 0.124722,0.0189 0.221435,0.0651 0.290675,0.13918 0.06921,0.0741 0.11579,0.16074 0.139494,0.26023 0.519507,2.53308 1.202506,5.05806 2.060049,7.56153 0.06441,0.16898 0.125468,0.35351 0.183268,0.55355 0.06451,0.19515 0.119819,0.40022 0.165617,0.61516 0.06427,-0.20832 0.133688,-0.40588 0.208077,-0.59262 0.08107,-0.19169 0.163566,-0.36761 0.247559,-0.52771 0.626129,-1.30203 1.201959,-2.61811 1.725192,-3.94662 0.433596,-1.09988 0.830955,-2.20602 1.193088,-3.31718 0.0296,-0.0906 0.08547,-0.17115 0.167227,-0.24195 0.08178,-0.0708 0.182225,-0.10792 0.302062,-0.11183 0.383011,-0.0125 0.766274,-0.0314 1.149644,-0.0566 -0.758949,2.55838 -1.705878,5.09406 -2.854071,7.5904 -0.447101,0.97062 -0.923824,1.9334 -1.429136,2.88761 -0.551755,-0.0242 -1.102204,-0.0578 -1.651146,-0.10078 -1.382389,-3.5972 -2.38458,-7.24664 -3.042527,-10.90395 z"
         id="path63" /><g
         id="g65"><path
           style="font-size:16.2854px;font-family:Carlito;-inkscape-font-specification:'Carlito, Normal';font-variant-ligatures:discretionary-ligatures no-contextual;text-align:center;letter-spacing:1.5622px;word-spacing:3.7082px;text-anchor:middle;display:inline;fill:#8114c2;stroke:#820ec8;stroke-width:0.701008;stroke-linecap:round"
           d="m 86.095652,228.18059 c -0.459866,-0.0941 -0.918066,-0.19446 -1.374474,-0.30096 -0.155381,-0.0363 -0.274102,-0.0974 -0.355789,-0.18247 -0.07526,-0.0836 -0.126993,-0.1781 -0.155353,-0.28334 -0.157809,-0.90122 -0.296939,-1.80221 -0.417842,-2.7024 -1.642512,-0.44252 -3.260771,-0.96901 -4.847562,-1.57172 -0.621728,0.65795 -1.257484,1.30687 -1.906704,1.94634 -0.07012,0.069 -0.169913,0.1146 -0.299474,0.13627 -0.123449,0.0241 -0.255499,0.007 -0.395398,-0.051 -0.428785,-0.17838 -0.854978,-0.36204 -1.27845,-0.55084 2.894078,-2.52522 5.554623,-5.23789 7.934823,-8.10532 0.468074,0.16124 0.938123,0.31461 1.409861,0.45982 0.234131,3.71859 0.784312,7.46851 1.686362,11.20559 z"
           id="path64" /><path
           style="font-size:16.2854px;font-family:Carlito;-inkscape-font-specification:'Carlito, Normal';font-variant-ligatures:discretionary-ligatures no-contextual;text-align:center;letter-spacing:1.5622px;word-spacing:3.7082px;text-anchor:middle;display:inline;fill:#ffffff;fill-opacity:1;stroke:none;stroke-width:0.701008;stroke-linecap:round"
           d="m 79.708837,222.32109 c 1.295925,0.48006 2.611984,0.90818 3.944046,1.27993 -0.173016,-1.5045 -0.295892,-3.00612 -0.370707,-4.50233 -0.01517,-0.13843 -0.02344,-0.29704 -0.02461,-0.47578 -0.0012,-0.17875 0.005,-0.36914 0.01851,-0.57122 -0.114716,0.17466 -0.22519,0.33387 -0.331251,0.47768 -0.106045,0.14378 -0.203421,0.26806 -0.291734,0.37282 -0.939586,1.1633 -1.92189,2.30356 -2.944253,3.4189 z"
           id="path65" /></g><g
         id="g67"><path
           style="font-size:16.2854px;font-family:Carlito;-inkscape-font-specification:'Carlito, Normal';font-variant-ligatures:discretionary-ligatures no-contextual;text-align:center;letter-spacing:1.5622px;word-spacing:3.7082px;text-anchor:middle;display:inline;fill:#8114c2;stroke:#820ec8;stroke-width:0.701008;stroke-linecap:round"
           d="m 68.93339,216.39889 -2.31903,3.66517 c -0.494803,-0.31229 -0.985281,-0.63002 -1.471475,-0.95292 l 5.789795,-8.69045 c 0.827643,0.55341 1.664869,1.08561 2.511991,1.59439 0.564891,0.33927 1.020783,0.6804 1.370187,1.03406 0.356509,0.35146 0.612221,0.70912 0.766109,1.07898 0.161141,0.36749 0.227941,0.74521 0.197232,1.13454 -0.02826,0.3844 -0.1418,0.77569 -0.344555,1.17149 -0.166632,0.32528 -0.376013,0.60183 -0.630852,0.82803 -0.249587,0.22882 -0.535434,0.4027 -0.858515,0.51973 -0.317745,0.11975 -0.668624,0.1817 -1.051863,0.18377 -0.380626,-0.003 -0.781777,-0.0677 -1.20086,-0.19666 0.06023,0.10132 0.111671,0.20648 0.154333,0.31556 0.04525,0.10448 0.08043,0.2213 0.105667,0.35056 0.265368,1.72419 0.605638,3.45951 1.029299,5.20501 -0.472899,-0.23348 -0.942239,-0.47221 -1.408048,-0.716 -0.270374,-0.14151 -0.433492,-0.33971 -0.488839,-0.59167 -0.29934,-1.56668 -0.536027,-3.12421 -0.715989,-4.67198 -0.0189,-0.1467 -0.06271,-0.26839 -0.131646,-0.36533 -0.06107,-0.0984 -0.182033,-0.20205 -0.362794,-0.31229 -0.314991,-0.19211 -0.628369,-0.3868 -0.940147,-0.58399 z"
           id="path66" /><path
           style="font-size:16.2854px;font-family:Carlito;-inkscape-font-specification:'Carlito, Normal';font-variant-ligatures:discretionary-ligatures no-contextual;text-align:center;letter-spacing:1.5622px;word-spacing:3.7082px;text-anchor:middle;display:inline;fill:#ffffff;fill-opacity:1;stroke:none;stroke-width:0.701008;stroke-linecap:round"
           d="m 69.498284,215.50609 c 0.43021,0.27223 0.863401,0.53953 1.299606,0.80166 0.367308,0.22073 0.715385,0.3694 1.040623,0.44717 0.333141,0.0762 0.639609,0.0882 0.917882,0.0378 0.27831,-0.0505 0.523316,-0.16024 0.735187,-0.32774 0.219598,-0.16939 0.400764,-0.38712 0.545379,-0.65201 0.599698,-1.09846 0.179138,-2.0102 -1.176272,-2.82394 -0.426841,-0.25626 -0.851072,-0.51822 -1.27273,-0.78561 -0.696558,1.10089 -1.393117,2.20179 -2.089675,3.30268 z"
           id="path67" /></g><path
         style="font-size:16.2854px;font-family:Carlito;-inkscape-font-specification:'Carlito, Normal';font-variant-ligatures:discretionary-ligatures no-contextual;text-align:center;letter-spacing:1.5622px;word-spacing:3.7082px;text-anchor:middle;display:inline;fill:#8114c2;stroke:#820ec8;stroke-width:0.701008;stroke-linecap:round"
         d="m 62.215929,215.81363 c -0.710347,-0.0598 -1.39845,-0.23032 -2.058084,-0.5102 -0.654554,-0.27592 -1.296994,-0.67056 -1.919188,-1.18277 -0.749478,-0.617 -1.333322,-1.28608 -1.750862,-1.995 -0.412796,-0.70479 -0.660451,-1.41488 -0.747353,-2.12396 -0.08336,-0.71312 -0.0057,-1.40689 0.227144,-2.08042 0.236502,-0.67773 0.627361,-1.30271 1.166186,-1.88028 0.54227,-0.58127 1.134259,-1.01893 1.770564,-1.31859 0.644433,-0.2997 1.302935,-0.45848 1.974871,-0.48081 0.680073,-0.0224 1.360257,0.0935 2.044801,0.34447 0.684953,0.25111 1.344794,0.64373 1.990668,1.17814 0.3294,0.27256 0.613996,0.54532 0.854282,0.82034 0.247936,0.27439 0.45752,0.55229 0.628984,0.83508 0.174712,0.2786 0.315106,0.56174 0.421213,0.85034 0.110583,0.29201 0.19627,0.58662 0.256915,0.88429 -0.246151,0.0871 -0.493123,0.17316 -0.740891,0.2581 -0.118853,0.0429 -0.232119,0.0401 -0.339511,-0.009 -0.107387,-0.0487 -0.190984,-0.1431 -0.250118,-0.28275 -0.06238,-0.13537 -0.127641,-0.29022 -0.195269,-0.4643 -0.05987,-0.17479 -0.148742,-0.36267 -0.266225,-0.5642 -0.114207,-0.20572 -0.2669,-0.42604 -0.457715,-0.66214 -0.190865,-0.23614 -0.442337,-0.48222 -0.754563,-0.74089 -0.45729,-0.37885 -0.930597,-0.65462 -1.425509,-0.82778 -0.490369,-0.16935 -0.982612,-0.23663 -1.479051,-0.20037 -0.491906,0.0401 -0.978324,0.18561 -1.458714,0.43884 -0.476701,0.2492 -0.926581,0.60455 -1.34615,1.06896 -0.437547,0.4843 -0.757133,0.98537 -0.955332,1.50673 -0.190046,0.52126 -0.262582,1.0442 -0.21474,1.56816 0.05597,0.52399 0.228977,1.03893 0.520763,1.54127 0.295215,0.49827 0.706616,0.96768 1.233626,1.40206 0.406126,0.33473 0.80413,0.59148 1.190261,0.77059 0.389513,0.17499 0.799829,0.31194 1.229495,0.40999 l 1.405899,-1.81083 c -0.453625,-0.35198 -0.903522,-0.70859 -1.349737,-1.0695 -0.085,-0.0687 -0.136627,-0.14489 -0.154883,-0.22817 -0.01826,-0.0833 -0.0021,-0.15577 0.04825,-0.21748 l 0.5185,-0.63548 c 0.915422,0.74689 1.845902,1.47524 2.791849,2.18213 l -2.410355,3.22509 z"
         id="path68" /></g><g
       id="g70"
       transform="matrix(-0.01898123,0.67093194,-0.67093194,-0.01898123,251.37665,-26.033029)"><path
         style="fill:#000000;stroke-width:0.0455644"
         d="m 277.20549,270.18177 c -0.59839,-0.29446 -0.84864,-0.45159 -1.0928,-0.67158 -0.23501,-0.21176 -0.40048,-0.43585 -0.51797,-0.69972 -0.14343,-0.32195 -0.19078,-0.64442 -0.14775,-0.99316 0.0504,-0.40831 0.17416,-0.71081 0.84817,-2.08096 0.42964,-0.87339 0.64834,-1.29184 0.79364,-1.5213 0.34057,-0.53645 0.76814,-0.84563 1.3212,-0.96348 0.30911,-0.0659 0.66795,-0.0471 1.0276,0.0527 0.33526,0.0933 0.66457,0.24278 1.81977,0.75744 1.15286,0.51362 1.48047,0.65526 1.77098,0.83978 0.3115,0.19785 0.56221,0.44882 0.71809,0.72027 0.19596,0.3413 0.28105,0.69687 0.25891,1.09269 -0.023,0.41086 -0.11959,0.72025 -0.67748,2.15091 -0.35739,0.9165 -0.53723,1.34552 -0.66513,1.58877 -0.27324,0.5179 -0.64313,0.8458 -1.14505,1.00595 -0.27809,0.0888 -0.55938,0.1143 -0.87816,0.0791 -0.41767,-0.0461 -0.83817,-0.17225 -2.39627,-0.87551 -0.47149,-0.21271 -0.90042,-0.4153 -1.03795,-0.48188 7e-5,-3e-5 1.4e-4,-5e-5 2e-4,-7e-5 z m 2.56553,0.43528 c 0.48579,0.1905 0.67925,0.2449 0.92284,0.26978 0.22151,0.0228 0.40973,0.002 0.59906,-0.0655 0.20998,-0.0749 0.35104,-0.17026 0.50247,-0.33878 0.2227,-0.24777 0.32224,-0.45825 0.8893,-1.87162 0.56728,-1.41395 0.64027,-1.63376 0.65755,-1.96484 0.0118,-0.22525 -0.0178,-0.38873 -0.10529,-0.58541 -0.0788,-0.17717 -0.18676,-0.31936 -0.34509,-0.45482 -0.2814,-0.24088 -0.44695,-0.30097 -1.90062,-0.94913 -1.45572,-0.64907 -1.61745,-0.73277 -1.98645,-0.78098 -0.20838,-0.0274 -0.38786,-0.0125 -0.57332,0.0474 -0.20586,0.0665 -0.3476,0.15398 -0.50679,0.31342 -0.234,0.23431 -0.34715,0.43579 -1.00988,1.80246 -0.66252,1.36623 -0.75098,1.58071 -0.78595,1.91088 -0.0237,0.2246 -7.3e-4,0.39231 0.0825,0.59739 0.0751,0.18497 0.1838,0.33786 0.34629,0.48622 0.17616,0.16078 0.35154,0.27309 0.77745,0.48943 0.2227,0.11288 2.20143,1.00355 2.43597,1.094 z m -0.89383,-1.61001 c -0.36583,-0.19983 -0.65584,-0.48934 -0.84495,-0.8414 -0.044,-0.0817 -0.12253,-0.27534 -0.14745,-0.363 -0.0982,-0.34522 -0.094,-0.69739 0.01,-1.03589 0.0355,-0.11555 0.13283,-0.32164 0.19933,-0.42252 0.1932,-0.29282 0.45871,-0.52002 0.77704,-0.66812 0.0907,-0.0423 0.28449,-0.10798 0.38305,-0.13006 0.3457,-0.0774 0.70439,-0.0628 1.05367,0.0425 0.1196,0.0362 0.33768,0.13353 0.44429,0.19836 0.31137,0.18955 0.56091,0.44651 0.73347,0.75529 0.0468,0.0837 0.12834,0.27372 0.15585,0.36312 0.10439,0.33926 0.11358,0.69113 0.0242,1.03419 -0.0306,0.11715 -0.11888,0.3277 -0.18114,0.43152 -0.18281,0.30453 -0.44188,0.54264 -0.76586,0.70008 -0.0824,0.04 -0.27923,0.11033 -0.36981,0.13207 -0.35392,0.0849 -0.73501,0.072 -1.08902,-0.0371 -0.11015,-0.0339 -0.29198,-0.10958 -0.38289,-0.15808 z m 0.63693,-0.44456 c 0.52384,0.12549 1.03841,-0.0593 1.33119,-0.47192 0.0401,-0.0567 0.0564,-0.0875 0.10494,-0.2006 0.0486,-0.11314 0.0583,-0.14653 0.0734,-0.21415 0.0987,-0.49727 -0.11241,-0.99234 -0.54555,-1.29347 -0.0598,-0.0415 -0.0914,-0.0581 -0.2094,-0.11082 -0.11808,-0.0528 -0.15197,-0.0637 -0.22232,-0.0821 -0.51378,-0.12183 -1.02369,0.0509 -1.32783,0.45586 -0.0417,0.0556 -0.0585,0.0858 -0.11028,0.1974 -0.069,0.14873 -0.0906,0.22602 -0.10514,0.3703 -0.0428,0.43584 0.17552,0.88574 0.56115,1.14698 0.0983,0.0666 0.10291,0.0693 0.24163,0.12888 0.0947,0.0402 0.14689,0.059 0.20826,0.0738 0,0 -4e-5,-1.7e-4 -4e-5,-1.7e-4 z m 2.61975,-1.81741 c -0.0632,-0.0502 -0.10405,-0.10412 -0.13687,-0.18087 -0.0491,-0.11458 -0.0501,-0.21931 -0.004,-0.3286 0.0315,-0.0741 0.0589,-0.10949 0.11836,-0.16217 0.0397,-0.0342 0.0661,-0.0495 0.12371,-0.0718 0.12221,-0.0473 0.23941,-0.0423 0.35889,0.0153 0.21762,0.1048 0.31472,0.34639 0.22551,0.56349 -0.0613,0.14902 -0.21326,0.254 -0.37846,0.26001 -0.0375,0.001 -0.0859,-0.001 -0.10755,-0.005 -0.0589,-0.0114 -0.15856,-0.0554 -0.20029,-0.0893 1.1e-4,-1.9e-4 2.1e-4,-3.9e-4 3.2e-4,-5.8e-4 z"
         id="path69" /><path
         style="font-size:1.85934px;display:inline;opacity:1;stroke-width:2.09176;stroke-linejoin:round;stroke-miterlimit:1000"
         d="m 289.75554,270.5948 c -0.0512,0.19652 -0.12613,0.38238 -0.22553,0.5573 -0.0949,0.17601 -0.21324,0.32756 -0.35564,0.45425 -0.14121,0.12242 -0.29889,0.21037 -0.47284,0.2634 -0.17278,0.0489 -0.36172,0.0446 -0.56531,-0.0136 -0.21279,-0.0608 -0.36528,-0.16553 -0.45668,-0.3125 -0.0854,-0.14992 -0.11945,-0.3012 -0.10334,-0.45349 -0.011,-0.003 -0.0221,-0.007 -0.0331,-0.01 -0.1296,0.13187 -0.29097,0.22626 -0.48428,0.28228 -0.19325,0.056 -0.41219,0.0455 -0.65486,-0.0325 -0.35278,-0.11351 -0.58653,-0.31102 -0.69961,-0.58779 -0.11315,-0.27711 -0.10708,-0.59157 0.0144,-0.94389 0.0939,-0.2725 0.23558,-0.49574 0.42283,-0.67058 0.1873,-0.17487 0.40378,-0.28851 0.64957,-0.34222 0.24997,-0.0522 0.5155,-0.0327 0.79923,0.0573 0.19196,0.0609 0.37443,0.13629 0.54797,0.2263 0.1792,0.087 0.31589,0.16448 0.41035,0.23385 -0.1485,0.42427 -0.29758,0.84838 -0.44725,1.27234 -0.0273,0.0751 -0.046,0.12941 -0.056,0.1632 -0.009,0.0296 -0.015,0.0508 -0.0188,0.0636 -0.0664,0.2248 -0.0693,0.38525 -0.008,0.48169 0.0669,0.0934 0.15801,0.15663 0.27284,0.18939 0.14225,0.0406 0.27692,0.0209 0.40298,-0.0589 0.13169,-0.0826 0.24697,-0.20677 0.34612,-0.37221 0.10358,-0.16418 0.18496,-0.35718 0.24519,-0.57894 0.10649,-0.39211 0.11222,-0.7503 0.0221,-1.07338 -0.0858,-0.3221 -0.25035,-0.59623 -0.49336,-0.82464 -0.23889,-0.22727 -0.53475,-0.39578 -0.89107,-0.50866 -0.4895,-0.15507 -0.93458,-0.19448 -1.34171,-0.11372 -0.4027,0.0822 -0.75532,0.26302 -1.05752,0.54616 -0.29622,0.28032 -0.52676,0.64069 -0.68659,1.08308 -0.22325,0.61793 -0.22064,1.15455 0.0197,1.61046 0.23969,0.45466 0.70367,0.79971 1.38816,1.01778 0.28389,0.0905 0.56408,0.14479 0.83903,0.16322 0.27832,0.024 0.52819,0.0304 0.74884,0.0205 l -0.12566,0.43321 c -0.2248,0.0182 -0.47192,0.0127 -0.74054,-0.0176 -0.26494,-0.0245 -0.55073,-0.0848 -0.85566,-0.1818 -0.55342,-0.17607 -0.9938,-0.42742 -1.3176,-0.74581 -0.32406,-0.31865 -0.52454,-0.68795 -0.60371,-1.10398 -0.0731,-0.41892 -0.0174,-0.8692 0.1615,-1.35233 0.14339,-0.38719 0.3402,-0.72156 0.58713,-1.00434 0.24851,-0.287 0.53476,-0.50844 0.85744,-0.66622 0.32427,-0.16201 0.67477,-0.25229 1.05277,-0.27312 0.38388,-0.0237 0.78411,0.0324 1.20564,0.16622 0.44268,0.14049 0.80887,0.35003 1.10424,0.63358 0.2951,0.28329 0.49786,0.62115 0.60769,1.0169 0.11415,0.39637 0.11319,0.83245 -0.0105,1.30655 -1.9e-4,-1.4e-4 -3.7e-4,-2.8e-4 -5.6e-4,-4.1e-4 z m -3.5201,-0.60761 c -0.0914,0.27333 -0.10139,0.48948 -0.0286,0.64898 0.074,0.15518 0.21146,0.26557 0.41158,0.32969 0.25485,0.0816 0.46533,0.0495 0.62926,-0.0943 0.1687,-0.14257 0.30456,-0.3531 0.40919,-0.63126 0.0944,-0.26038 0.18865,-0.52082 0.28266,-0.78132 -0.0526,-0.0335 -0.12078,-0.0707 -0.20473,-0.11172 -0.0839,-0.041 -0.17191,-0.0761 -0.26417,-0.10536 -0.21545,-0.0683 -0.40498,-0.074 -0.5701,-0.0163 -0.16509,0.0577 -0.30304,0.15664 -0.4136,0.29739 -0.10935,0.13641 -0.1932,0.29064 -0.25082,0.46299 0,0 -6.5e-4,0.001 -6.5e-4,0.001 z m 6.03333,-0.0867 c 0.2338,0.0485 0.43483,0.13322 0.60476,0.2555 0.17405,0.12303 0.31235,0.28496 0.41542,0.48684 0.0109,0.002 0.0218,0.004 0.0326,0.006 0.0542,-0.1493 0.10815,-0.29868 0.16176,-0.44815 0.15529,0.0272 0.31068,0.0534 0.46618,0.0787 l -0.57877,3.55675 c -0.0815,0.50056 -0.28656,0.85332 -0.62423,1.05491 -0.33142,0.20172 -0.80903,0.24709 -1.42038,0.12302 -0.58595,-0.11893 -1.04702,-0.29995 -1.37927,-0.53148 l 0.12328,-0.52177 c 0.33992,0.26998 0.80436,0.46939 1.38954,0.58778 0.33944,0.0687 0.62363,0.0303 0.84803,-0.11194 0.22899,-0.13731 0.36861,-0.35877 0.4227,-0.66255 l 0.0243,-0.13653 c 0.009,-0.0521 0.0249,-0.12534 0.047,-0.21992 0.0228,-0.099 0.0403,-0.16751 0.0525,-0.20556 -0.009,-0.002 -0.018,-0.003 -0.027,-0.005 -0.32034,0.30532 -0.75556,0.40771 -1.29417,0.29689 -0.49993,-0.10287 -0.85523,-0.34861 -1.06035,-0.72675 -0.20091,-0.37803 -0.22795,-0.84753 -0.0914,-1.40964 0.1333,-0.54869 0.37137,-0.95214 0.70416,-1.21342 0.33905,-0.26516 0.73098,-0.34711 1.1852,-0.25281 -6.4e-4,-3e-4 -0.001,-5.9e-4 -0.002,-8.8e-4 z m -0.0188,0.4959 c -0.29904,-0.0614 -0.55546,0.004 -0.77345,0.19969 -0.21657,0.19076 -0.37593,0.49868 -0.47311,0.92432 -0.0973,0.42602 -0.0889,0.7714 0.0296,1.0375 0.11922,0.26126 0.34893,0.42895 0.68687,0.49785 0.38536,0.0786 0.68542,0.0379 0.8952,-0.11611 0.21121,-0.15872 0.35194,-0.44891 0.42687,-0.87014 l 0.0243,-0.13689 c 0.0841,-0.47264 0.0571,-0.82957 -0.0758,-1.06873 -0.13336,-0.23982 -0.37939,-0.39346 -0.74086,-0.46769 1e-4,6e-5 1.9e-4,1.3e-4 2.9e-4,2e-4 z m 4.51632,0.16179 c 0.067,0.005 0.13814,0.0159 0.21347,0.0311 0.0757,0.0104 0.14435,0.0236 0.20614,0.0399 -0.0375,0.17695 -0.0754,0.35382 -0.11361,0.53061 -0.0581,-0.0185 -0.12313,-0.0341 -0.19513,-0.0469 -0.0718,-0.0152 -0.13711,-0.0253 -0.19616,-0.0302 -0.18588,-0.0156 -0.36479,0.0189 -0.53876,0.10379 -0.17328,0.0804 -0.32044,0.2044 -0.44162,0.373 -0.11584,0.16471 -0.18852,0.36514 -0.21583,0.60169 l -0.21712,1.88043 c -0.21552,-0.0253 -0.43067,-0.0523 -0.64543,-0.0809 l 0.4635,-3.5153 c 0.16046,0.021 0.32103,0.0409 0.4817,0.0597 -0.003,0.21729 -0.006,0.43461 -0.008,0.65198 0.009,9.9e-4 0.0171,0.002 0.0256,0.003 0.13598,-0.17977 0.30343,-0.32984 0.50193,-0.4517 0.20307,-0.12139 0.42803,-0.17113 0.67822,-0.15066 4.1e-4,1.8e-4 8.1e-4,3.6e-4 0.001,5.4e-4 z m 2.3085,0.11655 c 0.4342,0.004 0.75579,0.0911 0.97198,0.27561 0.21515,0.18336 0.3351,0.48164 0.35158,0.89624 l 0.096,2.41577 c -0.16012,0.007 -0.32034,0.0118 -0.48063,0.016 -0.0467,-0.16671 -0.0926,-0.33353 -0.13793,-0.50047 -0.009,2e-4 -0.0186,3.9e-4 -0.0278,5.8e-4 -0.16886,0.19785 -0.35186,0.34377 -0.54688,0.43721 -0.19474,0.0934 -0.4624,0.13928 -0.79949,0.13179 -0.3675,-0.008 -0.66951,-0.10534 -0.90001,-0.28575 -0.0258,-0.0207 -0.05,-0.0426 -0.0726,-0.0656 0,0 0,0 0,0 -0.17649,-0.18321 -0.25231,-0.43631 -0.2317,-0.75782 0.0175,-0.27365 0.1229,-0.49221 0.31182,-0.65757 0,0 0,0 0,0 0.0551,-0.0482 0.1173,-0.0919 0.18653,-0.1314 0.3087,-0.18023 0.76362,-0.26607 1.37639,-0.28185 0.21268,-0.006 0.42514,-0.0153 0.63736,-0.0265 l -0.004,-0.21201 c -0.006,-0.29575 -0.0764,-0.50011 -0.20897,-0.6132 -0.13295,-0.11334 -0.31766,-0.16935 -0.55659,-0.17146 -0.18937,-0.002 -0.36997,0.0236 -0.54336,0.0762 -0.17341,0.0482 -0.33659,0.10394 -0.48984,0.16789 -0.0549,-0.14872 -0.10887,-0.29764 -0.16184,-0.44675 0.16119,-0.0756 0.3491,-0.13776 0.56428,-0.18833 0.21547,-0.0549 0.43727,-0.081 0.66764,-0.0792 -6.1e-4,2.4e-4 -0.001,4.7e-4 -0.002,7.1e-4 z m 0.73336,1.87161 c -0.18679,0.0107 -0.3738,0.0196 -0.56099,0.0267 -0.4744,0.0166 -0.80424,0.0764 -0.99566,0.19555 -0.18562,0.11763 -0.28543,0.28804 -0.29524,0.51349 -0.009,0.19903 0.051,0.34793 0.18077,0.4454 0.1348,0.0976 0.30967,0.14927 0.52266,0.15308 0.3321,0.006 0.61051,-0.0762 0.83009,-0.24153 0.22447,-0.16999 0.33058,-0.42894 0.32409,-0.77334 -0.002,-0.10645 -0.004,-0.2129 -0.006,-0.31935 z m 2.81091,1.5583 c -0.63052,-1.12171 -1.20679,-2.26145 -1.72669,-3.41622 0.20842,-0.0122 0.41672,-0.0267 0.62486,-0.0436 0.30904,0.67461 0.63651,1.34412 0.98204,2.00797 0.0485,0.0924 0.10074,0.19533 0.15713,0.30893 0.0563,0.11358 0.108,0.2231 0.1549,0.32878 0.0466,0.10578 0.0815,0.19249 0.10456,0.26084 0.009,-0.001 0.0184,-0.002 0.0276,-0.003 0.007,-0.072 0.0233,-0.16476 0.0475,-0.27899 0.0248,-0.11852 0.0516,-0.23747 0.0802,-0.35686 0.0281,-0.12369 0.0547,-0.23598 0.08,-0.33723 0.17958,-0.72649 0.34038,-1.45415 0.48263,-2.18233 0.20652,-0.0325 0.41272,-0.0672 0.61858,-0.10416 -0.23803,1.24443 -0.53211,2.4878 -0.88352,3.72665 -0.24949,0.0327 -0.49942,0.0626 -0.74973,0.0895 z m 2.2132,-5.28502 c 0.0832,-0.0176 0.16236,-0.003 0.23807,0.0435 0.0788,0.0415 0.13239,0.12452 0.16015,0.24946 0.0278,0.12494 0.0147,0.22514 -0.04,0.30062 -0.0515,0.0701 -0.12022,0.11429 -0.20569,0.1323 -0.0939,0.0198 -0.17887,0.008 -0.25418,-0.0355 -0.0763,-0.0476 -0.12642,-0.13448 -0.15129,-0.26024 -0.0248,-0.12549 -0.0112,-0.22274 0.0402,-0.29167 0.0506,-0.0732 0.12132,-0.11921 0.21278,-0.13849 z m 0.5542,1.24197 0.76344,3.46618 c -0.2144,0.0471 -0.42928,0.0921 -0.64461,0.13495 l -0.69399,-3.48022 c 0.19208,-0.0384 0.38381,-0.0787 0.57516,-0.12091 z m 1.81687,2.8475 c -0.0408,-0.15821 -0.0265,-0.28047 0.0418,-0.36673 0.0683,-0.0864 0.16078,-0.14519 0.278,-0.17705 0.11747,-0.0319 0.22938,-0.0287 0.33666,0.01 0.10712,0.0385 0.18377,0.13602 0.22892,0.29312 0.0439,0.15277 0.0305,0.27611 -0.0414,0.37002 -0.0718,0.0938 -0.16846,0.15745 -0.28918,0.19023 -0.12073,0.0328 -0.23386,0.0261 -0.33843,-0.0197 -0.10489,-0.0456 -0.17667,-0.14569 -0.21638,-0.2998 z m 3.64839,-0.71111 c -0.33661,0.12724 -0.65787,0.17412 -0.95803,0.14254 -0.30025,-0.0316 -0.56744,-0.15282 -0.79945,-0.36086 -0.22765,-0.20988 -0.40204,-0.51556 -0.52942,-0.91588 -0.13251,-0.41644 -0.16878,-0.77894 -0.11475,-1.08417 0.0586,-0.30726 0.18749,-0.56207 0.38641,-0.76707 0.19924,-0.20522 0.447,-0.36279 0.74692,-0.47703 0.1667,-0.0635 0.33569,-0.10831 0.50799,-0.13457 0.17495,-0.0319 0.32193,-0.0447 0.44189,-0.0371 0.006,0.17234 0.0112,0.34487 0.0154,0.51759 -0.1163,0.005 -0.24832,0.0176 -0.39663,0.0381 -0.14818,0.0205 -0.28126,0.053 -0.3999,0.0981 -0.66217,0.25176 -0.8665,0.78618 -0.57642,1.63811 0.13828,0.40612 0.32976,0.68832 0.58115,0.84448 0.2536,0.14991 0.5594,0.16133 0.90976,0.0289 0.19789,-0.0748 0.36748,-0.16221 0.50818,-0.26081 0.14055,-0.0986 0.26317,-0.20104 0.36785,-0.30654 l 0.19782,0.47815 c -0.10035,0.10839 -0.22141,0.20772 -0.36297,0.29728 -0.13517,0.0919 -0.31051,0.17952 -0.52545,0.26077 -1.1e-4,4e-5 -2.2e-4,8e-5 -3.3e-4,1.2e-4 z m 1.56338,-4.70072 c 0.39111,-0.19598 0.71986,-0.26424 0.99725,-0.1974 0.27606,0.0663 0.51798,0.2792 0.71954,0.64305 l 1.17431,2.11991 c -0.13972,0.0773 -0.27997,0.15372 -0.42074,0.2291 -0.11683,-0.12823 -0.23314,-0.25681 -0.34894,-0.38576 -0.008,0.004 -0.0163,0.009 -0.0245,0.013 -0.0609,0.25265 -0.15755,0.46508 -0.28834,0.63603 -0.13059,0.17083 -0.34713,0.33179 -0.64898,0.47681 -0.32902,0.15808 -0.64008,0.20783 -0.92615,0.15183 -0.28808,-0.0599 -0.50293,-0.25883 -0.64804,-0.59131 -0.14159,-0.32443 -0.11075,-0.63385 0.0816,-0.92943 0.19157,-0.30109 0.55733,-0.58572 1.09722,-0.878 0.18695,-0.10235 0.37284,-0.20653 0.55762,-0.31252 l -0.0995,-0.18773 c -0.13877,-0.26191 -0.2945,-0.41252 -0.46451,-0.45329 -0.17045,-0.0408 -0.36143,-0.007 -0.57634,0.10075 -0.17033,0.0851 -0.32046,0.19036 -0.45144,0.31679 -0.13304,0.12246 -0.25327,0.24707 -0.36069,0.3744 -0.11698,-0.10695 -0.23325,-0.21441 -0.34881,-0.32238 0.10926,-0.14162 0.2488,-0.28366 0.4183,-0.4278 0.16782,-0.14809 0.35469,-0.27344 0.56215,-0.3774 -3.6e-4,4.4e-4 -7.1e-4,8.9e-4 -0.001,0.001 z m 1.50437,1.33824 c -0.16206,0.0939 -0.32497,0.18637 -0.48872,0.27749 -0.41555,0.22965 -0.68184,0.43317 -0.7975,0.62616 -0.11127,0.18914 -0.12183,0.38607 -0.0275,0.591 0.0833,0.18092 0.2041,0.28627 0.36353,0.31431 0.1639,0.0259 0.34234,-0.007 0.53296,-0.0997 0.29726,-0.14443 0.50732,-0.34281 0.62784,-0.5893 0.12276,-0.2528 0.10039,-0.53205 -0.0611,-0.83704 -0.0498,-0.0943 -0.0996,-0.18864 -0.14948,-0.28295 z m 2.03049,-3.4217 c 0.36506,-0.24847 0.74039,-0.33043 1.14052,-0.24462 0.40197,0.0827 0.79416,0.36501 1.16411,0.85592 0.36536,0.48482 0.52612,0.93966 0.46889,1.37258 -0.053,0.42835 -0.2881,0.79137 -0.70224,1.07305 -0.25649,0.17444 -0.50026,0.27367 -0.72704,0.29913 -0.22268,0.0228 -0.41991,0.003 -0.59108,-0.0561 -0.0126,0.008 -0.0251,0.0158 -0.0377,0.0237 0.0443,0.0609 0.10167,0.13745 0.17188,0.22906 0.0747,0.0889 0.13455,0.16892 0.17943,0.24032 l 0.77756,1.23692 c -0.19461,0.12227 -0.39037,0.24266 -0.58726,0.36115 l -2.65841,-4.41442 c 0.138,-0.0831 0.27535,-0.16734 0.41203,-0.25262 0.1083,0.12289 0.21694,0.24553 0.32593,0.36791 0.007,-0.005 0.0145,-0.009 0.0217,-0.0137 0.01,-0.18927 0.0599,-0.37562 0.14904,-0.55993 0.0891,-0.18431 0.25366,-0.35576 0.4936,-0.51908 -3.3e-4,2.5e-4 -6.6e-4,5e-4 -9.9e-4,7.6e-4 z m 0.18624,0.46753 c -0.30801,0.20805 -0.47355,0.43503 -0.49518,0.69084 -0.0215,0.25477 0.0743,0.56132 0.2915,0.91596 l 0.0601,0.0956 c 0.23343,0.37143 0.47773,0.61718 0.73857,0.73494 0.26158,0.11082 0.57754,0.0484 0.93741,-0.19488 0.1963,-0.1327 0.32599,-0.29276 0.38834,-0.47699 0.0599,-0.18817 0.0581,-0.38816 -0.004,-0.59958 -0.0586,-0.21427 -0.16656,-0.42829 -0.32221,-0.64366 -0.2384,-0.32989 -0.49804,-0.54437 -0.77315,-0.64698 -0.27226,-0.10548 -0.5434,-0.063 -0.82123,0.12472 4e-5,3e-5 9e-5,5e-5 1.4e-4,8e-5 z"
         id="path70"
         aria-label="@gravi.cap" /></g><g
       id="g72"
       transform="matrix(0.01898123,-0.67093194,0.67093194,0.01898123,-70.10449,362.45173)"><path
         style="fill:#000000;stroke-width:0.0455644"
         d="m 277.20549,270.18177 c -0.59839,-0.29446 -0.84864,-0.45159 -1.0928,-0.67158 -0.23501,-0.21176 -0.40048,-0.43585 -0.51797,-0.69972 -0.14343,-0.32195 -0.19078,-0.64442 -0.14775,-0.99316 0.0504,-0.40831 0.17416,-0.71081 0.84817,-2.08096 0.42964,-0.87339 0.64834,-1.29184 0.79364,-1.5213 0.34057,-0.53645 0.76814,-0.84563 1.3212,-0.96348 0.30911,-0.0659 0.66795,-0.0471 1.0276,0.0527 0.33526,0.0933 0.66457,0.24278 1.81977,0.75744 1.15286,0.51362 1.48047,0.65526 1.77098,0.83978 0.3115,0.19785 0.56221,0.44882 0.71809,0.72027 0.19596,0.3413 0.28105,0.69687 0.25891,1.09269 -0.023,0.41086 -0.11959,0.72025 -0.67748,2.15091 -0.35739,0.9165 -0.53723,1.34552 -0.66513,1.58877 -0.27324,0.5179 -0.64313,0.8458 -1.14505,1.00595 -0.27809,0.0888 -0.55938,0.1143 -0.87816,0.0791 -0.41767,-0.0461 -0.83817,-0.17225 -2.39627,-0.87551 -0.47149,-0.21271 -0.90042,-0.4153 -1.03795,-0.48188 7e-5,-3e-5 1.4e-4,-5e-5 2e-4,-7e-5 z m 2.56553,0.43528 c 0.48579,0.1905 0.67925,0.2449 0.92284,0.26978 0.22151,0.0228 0.40973,0.002 0.59906,-0.0655 0.20998,-0.0749 0.35104,-0.17026 0.50247,-0.33878 0.2227,-0.24777 0.32224,-0.45825 0.8893,-1.87162 0.56728,-1.41395 0.64027,-1.63376 0.65755,-1.96484 0.0118,-0.22525 -0.0178,-0.38873 -0.10529,-0.58541 -0.0788,-0.17717 -0.18676,-0.31936 -0.34509,-0.45482 -0.2814,-0.24088 -0.44695,-0.30097 -1.90062,-0.94913 -1.45572,-0.64907 -1.61745,-0.73277 -1.98645,-0.78098 -0.20838,-0.0274 -0.38786,-0.0125 -0.57332,0.0474 -0.20586,0.0665 -0.3476,0.15398 -0.50679,0.31342 -0.234,0.23431 -0.34715,0.43579 -1.00988,1.80246 -0.66252,1.36623 -0.75098,1.58071 -0.78595,1.91088 -0.0237,0.2246 -7.3e-4,0.39231 0.0825,0.59739 0.0751,0.18497 0.1838,0.33786 0.34629,0.48622 0.17616,0.16078 0.35154,0.27309 0.77745,0.48943 0.2227,0.11288 2.20143,1.00355 2.43597,1.094 z m -0.89383,-1.61001 c -0.36583,-0.19983 -0.65584,-0.48934 -0.84495,-0.8414 -0.044,-0.0817 -0.12253,-0.27534 -0.14745,-0.363 -0.0982,-0.34522 -0.094,-0.69739 0.01,-1.03589 0.0355,-0.11555 0.13283,-0.32164 0.19933,-0.42252 0.1932,-0.29282 0.45871,-0.52002 0.77704,-0.66812 0.0907,-0.0423 0.28449,-0.10798 0.38305,-0.13006 0.3457,-0.0774 0.70439,-0.0628 1.05367,0.0425 0.1196,0.0362 0.33768,0.13353 0.44429,0.19836 0.31137,0.18955 0.56091,0.44651 0.73347,0.75529 0.0468,0.0837 0.12834,0.27372 0.15585,0.36312 0.10439,0.33926 0.11358,0.69113 0.0242,1.03419 -0.0306,0.11715 -0.11888,0.3277 -0.18114,0.43152 -0.18281,0.30453 -0.44188,0.54264 -0.76586,0.70008 -0.0824,0.04 -0.27923,0.11033 -0.36981,0.13207 -0.35392,0.0849 -0.73501,0.072 -1.08902,-0.0371 -0.11015,-0.0339 -0.29198,-0.10958 -0.38289,-0.15808 z m 0.63693,-0.44456 c 0.52384,0.12549 1.03841,-0.0593 1.33119,-0.47192 0.0401,-0.0567 0.0564,-0.0875 0.10494,-0.2006 0.0486,-0.11314 0.0583,-0.14653 0.0734,-0.21415 0.0987,-0.49727 -0.11241,-0.99234 -0.54555,-1.29347 -0.0598,-0.0415 -0.0914,-0.0581 -0.2094,-0.11082 -0.11808,-0.0528 -0.15197,-0.0637 -0.22232,-0.0821 -0.51378,-0.12183 -1.02369,0.0509 -1.32783,0.45586 -0.0417,0.0556 -0.0585,0.0858 -0.11028,0.1974 -0.069,0.14873 -0.0906,0.22602 -0.10514,0.3703 -0.0428,0.43584 0.17552,0.88574 0.56115,1.14698 0.0983,0.0666 0.10291,0.0693 0.24163,0.12888 0.0947,0.0402 0.14689,0.059 0.20826,0.0738 0,0 -4e-5,-1.7e-4 -4e-5,-1.7e-4 z m 2.61975,-1.81741 c -0.0632,-0.0502 -0.10405,-0.10412 -0.13687,-0.18087 -0.0491,-0.11458 -0.0501,-0.21931 -0.004,-0.3286 0.0315,-0.0741 0.0589,-0.10949 0.11836,-0.16217 0.0397,-0.0342 0.0661,-0.0495 0.12371,-0.0718 0.12221,-0.0473 0.23941,-0.0423 0.35889,0.0153 0.21762,0.1048 0.31472,0.34639 0.22551,0.56349 -0.0613,0.14902 -0.21326,0.254 -0.37846,0.26001 -0.0375,0.001 -0.0859,-0.001 -0.10755,-0.005 -0.0589,-0.0114 -0.15856,-0.0554 -0.20029,-0.0893 1.1e-4,-1.9e-4 2.1e-4,-3.9e-4 3.2e-4,-5.8e-4 z"
         id="path71" /><path
         style="font-size:1.85934px;display:inline;opacity:1;stroke-width:2.09176;stroke-linejoin:round;stroke-miterlimit:1000"
         d="m 289.75554,270.5948 c -0.0512,0.19652 -0.12613,0.38238 -0.22553,0.5573 -0.0949,0.17601 -0.21324,0.32756 -0.35564,0.45425 -0.14121,0.12242 -0.29889,0.21037 -0.47284,0.2634 -0.17278,0.0489 -0.36172,0.0446 -0.56531,-0.0136 -0.21279,-0.0608 -0.36528,-0.16553 -0.45668,-0.3125 -0.0854,-0.14992 -0.11945,-0.3012 -0.10334,-0.45349 -0.011,-0.003 -0.0221,-0.007 -0.0331,-0.01 -0.1296,0.13187 -0.29097,0.22626 -0.48428,0.28228 -0.19325,0.056 -0.41219,0.0455 -0.65486,-0.0325 -0.35278,-0.11351 -0.58653,-0.31102 -0.69961,-0.58779 -0.11315,-0.27711 -0.10708,-0.59157 0.0144,-0.94389 0.0939,-0.2725 0.23558,-0.49574 0.42283,-0.67058 0.1873,-0.17487 0.40378,-0.28851 0.64957,-0.34222 0.24997,-0.0522 0.5155,-0.0327 0.79923,0.0573 0.19196,0.0609 0.37443,0.13629 0.54797,0.2263 0.1792,0.087 0.31589,0.16448 0.41035,0.23385 -0.1485,0.42427 -0.29758,0.84838 -0.44725,1.27234 -0.0273,0.0751 -0.046,0.12941 -0.056,0.1632 -0.009,0.0296 -0.015,0.0508 -0.0188,0.0636 -0.0664,0.2248 -0.0693,0.38525 -0.008,0.48169 0.0669,0.0934 0.15801,0.15663 0.27284,0.18939 0.14225,0.0406 0.27692,0.0209 0.40298,-0.0589 0.13169,-0.0826 0.24697,-0.20677 0.34612,-0.37221 0.10358,-0.16418 0.18496,-0.35718 0.24519,-0.57894 0.10649,-0.39211 0.11222,-0.7503 0.0221,-1.07338 -0.0858,-0.3221 -0.25035,-0.59623 -0.49336,-0.82464 -0.23889,-0.22727 -0.53475,-0.39578 -0.89107,-0.50866 -0.4895,-0.15507 -0.93458,-0.19448 -1.34171,-0.11372 -0.4027,0.0822 -0.75532,0.26302 -1.05752,0.54616 -0.29622,0.28032 -0.52676,0.64069 -0.68659,1.08308 -0.22325,0.61793 -0.22064,1.15455 0.0197,1.61046 0.23969,0.45466 0.70367,0.79971 1.38816,1.01778 0.28389,0.0905 0.56408,0.14479 0.83903,0.16322 0.27832,0.024 0.52819,0.0304 0.74884,0.0205 l -0.12566,0.43321 c -0.2248,0.0182 -0.47192,0.0127 -0.74054,-0.0176 -0.26494,-0.0245 -0.55073,-0.0848 -0.85566,-0.1818 -0.55342,-0.17607 -0.9938,-0.42742 -1.3176,-0.74581 -0.32406,-0.31865 -0.52454,-0.68795 -0.60371,-1.10398 -0.0731,-0.41892 -0.0174,-0.8692 0.1615,-1.35233 0.14339,-0.38719 0.3402,-0.72156 0.58713,-1.00434 0.24851,-0.287 0.53476,-0.50844 0.85744,-0.66622 0.32427,-0.16201 0.67477,-0.25229 1.05277,-0.27312 0.38388,-0.0237 0.78411,0.0324 1.20564,0.16622 0.44268,0.14049 0.80887,0.35003 1.10424,0.63358 0.2951,0.28329 0.49786,0.62115 0.60769,1.0169 0.11415,0.39637 0.11319,0.83245 -0.0105,1.30655 -1.9e-4,-1.4e-4 -3.7e-4,-2.8e-4 -5.6e-4,-4.1e-4 z m -3.5201,-0.60761 c -0.0914,0.27333 -0.10139,0.48948 -0.0286,0.64898 0.074,0.15518 0.21146,0.26557 0.41158,0.32969 0.25485,0.0816 0.46533,0.0495 0.62926,-0.0943 0.1687,-0.14257 0.30456,-0.3531 0.40919,-0.63126 0.0944,-0.26038 0.18865,-0.52082 0.28266,-0.78132 -0.0526,-0.0335 -0.12078,-0.0707 -0.20473,-0.11172 -0.0839,-0.041 -0.17191,-0.0761 -0.26417,-0.10536 -0.21545,-0.0683 -0.40498,-0.074 -0.5701,-0.0163 -0.16509,0.0577 -0.30304,0.15664 -0.4136,0.29739 -0.10935,0.13641 -0.1932,0.29064 -0.25082,0.46299 0,0 -6.5e-4,0.001 -6.5e-4,0.001 z m 6.03333,-0.0867 c 0.2338,0.0485 0.43483,0.13322 0.60476,0.2555 0.17405,0.12303 0.31235,0.28496 0.41542,0.48684 0.0109,0.002 0.0218,0.004 0.0326,0.006 0.0542,-0.1493 0.10815,-0.29868 0.16176,-0.44815 0.15529,0.0272 0.31068,0.0534 0.46618,0.0787 l -0.57877,3.55675 c -0.0815,0.50056 -0.28656,0.85332 -0.62423,1.05491 -0.33142,0.20172 -0.80903,0.24709 -1.42038,0.12302 -0.58595,-0.11893 -1.04702,-0.29995 -1.37927,-0.53148 l 0.12328,-0.52177 c 0.33992,0.26998 0.80436,0.46939 1.38954,0.58778 0.33944,0.0687 0.62363,0.0303 0.84803,-0.11194 0.22899,-0.13731 0.36861,-0.35877 0.4227,-0.66255 l 0.0243,-0.13653 c 0.009,-0.0521 0.0249,-0.12534 0.047,-0.21992 0.0228,-0.099 0.0403,-0.16751 0.0525,-0.20556 -0.009,-0.002 -0.018,-0.003 -0.027,-0.005 -0.32034,0.30532 -0.75556,0.40771 -1.29417,0.29689 -0.49993,-0.10287 -0.85523,-0.34861 -1.06035,-0.72675 -0.20091,-0.37803 -0.22795,-0.84753 -0.0914,-1.40964 0.1333,-0.54869 0.37137,-0.95214 0.70416,-1.21342 0.33905,-0.26516 0.73098,-0.34711 1.1852,-0.25281 -6.4e-4,-3e-4 -0.001,-5.9e-4 -0.002,-8.8e-4 z m -0.0188,0.4959 c -0.29904,-0.0614 -0.55546,0.004 -0.77345,0.19969 -0.21657,0.19076 -0.37593,0.49868 -0.47311,0.92432 -0.0973,0.42602 -0.0889,0.7714 0.0296,1.0375 0.11922,0.26126 0.34893,0.42895 0.68687,0.49785 0.38536,0.0786 0.68542,0.0379 0.8952,-0.11611 0.21121,-0.15872 0.35194,-0.44891 0.42687,-0.87014 l 0.0243,-0.13689 c 0.0841,-0.47264 0.0571,-0.82957 -0.0758,-1.06873 -0.13336,-0.23982 -0.37939,-0.39346 -0.74086,-0.46769 1e-4,6e-5 1.9e-4,1.3e-4 2.9e-4,2e-4 z m 4.51632,0.16179 c 0.067,0.005 0.13814,0.0159 0.21347,0.0311 0.0757,0.0104 0.14435,0.0236 0.20614,0.0399 -0.0375,0.17695 -0.0754,0.35382 -0.11361,0.53061 -0.0581,-0.0185 -0.12313,-0.0341 -0.19513,-0.0469 -0.0718,-0.0152 -0.13711,-0.0253 -0.19616,-0.0302 -0.18588,-0.0156 -0.36479,0.0189 -0.53876,0.10379 -0.17328,0.0804 -0.32044,0.2044 -0.44162,0.373 -0.11584,0.16471 -0.18852,0.36514 -0.21583,0.60169 l -0.21712,1.88043 c -0.21552,-0.0253 -0.43067,-0.0523 -0.64543,-0.0809 l 0.4635,-3.5153 c 0.16046,0.021 0.32103,0.0409 0.4817,0.0597 -0.003,0.21729 -0.006,0.43461 -0.008,0.65198 0.009,9.9e-4 0.0171,0.002 0.0256,0.003 0.13598,-0.17977 0.30343,-0.32984 0.50193,-0.4517 0.20307,-0.12139 0.42803,-0.17113 0.67822,-0.15066 4.1e-4,1.8e-4 8.1e-4,3.6e-4 0.001,5.4e-4 z m 2.3085,0.11655 c 0.4342,0.004 0.75579,0.0911 0.97198,0.27561 0.21515,0.18336 0.3351,0.48164 0.35158,0.89624 l 0.096,2.41577 c -0.16012,0.007 -0.32034,0.0118 -0.48063,0.016 -0.0467,-0.16671 -0.0926,-0.33353 -0.13793,-0.50047 -0.009,2e-4 -0.0186,3.9e-4 -0.0278,5.8e-4 -0.16886,0.19785 -0.35186,0.34377 -0.54688,0.43721 -0.19474,0.0934 -0.4624,0.13928 -0.79949,0.13179 -0.3675,-0.008 -0.66951,-0.10534 -0.90001,-0.28575 -0.0258,-0.0207 -0.05,-0.0426 -0.0726,-0.0656 0,0 0,0 0,0 -0.17649,-0.18321 -0.25231,-0.43631 -0.2317,-0.75782 0.0175,-0.27365 0.1229,-0.49221 0.31182,-0.65757 0,0 0,0 0,0 0.0551,-0.0482 0.1173,-0.0919 0.18653,-0.1314 0.3087,-0.18023 0.76362,-0.26607 1.37639,-0.28185 0.21268,-0.006 0.42514,-0.0153 0.63736,-0.0265 l -0.004,-0.21201 c -0.006,-0.29575 -0.0764,-0.50011 -0.20897,-0.6132 -0.13295,-0.11334 -0.31766,-0.16935 -0.55659,-0.17146 -0.18937,-0.002 -0.36997,0.0236 -0.54336,0.0762 -0.17341,0.0482 -0.33659,0.10394 -0.48984,0.16789 -0.0549,-0.14872 -0.10887,-0.29764 -0.16184,-0.44675 0.16119,-0.0756 0.3491,-0.13776 0.56428,-0.18833 0.21547,-0.0549 0.43727,-0.081 0.66764,-0.0792 -6.1e-4,2.4e-4 -0.001,4.7e-4 -0.002,7.1e-4 z m 0.73336,1.87161 c -0.18679,0.0107 -0.3738,0.0196 -0.56099,0.0267 -0.4744,0.0166 -0.80424,0.0764 -0.99566,0.19555 -0.18562,0.11763 -0.28543,0.28804 -0.29524,0.51349 -0.009,0.19903 0.051,0.34793 0.18077,0.4454 0.1348,0.0976 0.30967,0.14927 0.52266,0.15308 0.3321,0.006 0.61051,-0.0762 0.83009,-0.24153 0.22447,-0.16999 0.33058,-0.42894 0.32409,-0.77334 -0.002,-0.10645 -0.004,-0.2129 -0.006,-0.31935 z m 2.81091,1.5583 c -0.63052,-1.12171 -1.20679,-2.26145 -1.72669,-3.41622 0.20842,-0.0122 0.41672,-0.0267 0.62486,-0.0436 0.30904,0.67461 0.63651,1.34412 0.98204,2.00797 0.0485,0.0924 0.10074,0.19533 0.15713,0.30893 0.0563,0.11358 0.108,0.2231 0.1549,0.32878 0.0466,0.10578 0.0815,0.19249 0.10456,0.26084 0.009,-0.001 0.0184,-0.002 0.0276,-0.003 0.007,-0.072 0.0233,-0.16476 0.0475,-0.27899 0.0248,-0.11852 0.0516,-0.23747 0.0802,-0.35686 0.0281,-0.12369 0.0547,-0.23598 0.08,-0.33723 0.17958,-0.72649 0.34038,-1.45415 0.48263,-2.18233 0.20652,-0.0325 0.41272,-0.0672 0.61858,-0.10416 -0.23803,1.24443 -0.53211,2.4878 -0.88352,3.72665 -0.24949,0.0327 -0.49942,0.0626 -0.74973,0.0895 z m 2.2132,-5.28502 c 0.0832,-0.0176 0.16236,-0.003 0.23807,0.0435 0.0788,0.0415 0.13239,0.12452 0.16015,0.24946 0.0278,0.12494 0.0147,0.22514 -0.04,0.30062 -0.0515,0.0701 -0.12022,0.11429 -0.20569,0.1323 -0.0939,0.0198 -0.17887,0.008 -0.25418,-0.0355 -0.0763,-0.0476 -0.12642,-0.13448 -0.15129,-0.26024 -0.0248,-0.12549 -0.0112,-0.22274 0.0402,-0.29167 0.0506,-0.0732 0.12132,-0.11921 0.21278,-0.13849 z m 0.5542,1.24197 0.76344,3.46618 c -0.2144,0.0471 -0.42928,0.0921 -0.64461,0.13495 l -0.69399,-3.48022 c 0.19208,-0.0384 0.38381,-0.0787 0.57516,-0.12091 z m 1.81687,2.8475 c -0.0408,-0.15821 -0.0265,-0.28047 0.0418,-0.36673 0.0683,-0.0864 0.16078,-0.14519 0.278,-0.17705 0.11747,-0.0319 0.22938,-0.0287 0.33666,0.01 0.10712,0.0385 0.18377,0.13602 0.22892,0.29312 0.0439,0.15277 0.0305,0.27611 -0.0414,0.37002 -0.0718,0.0938 -0.16846,0.15745 -0.28918,0.19023 -0.12073,0.0328 -0.23386,0.0261 -0.33843,-0.0197 -0.10489,-0.0456 -0.17667,-0.14569 -0.21638,-0.2998 z m 3.64839,-0.71111 c -0.33661,0.12724 -0.65787,0.17412 -0.95803,0.14254 -0.30025,-0.0316 -0.56744,-0.15282 -0.79945,-0.36086 -0.22765,-0.20988 -0.40204,-0.51556 -0.52942,-0.91588 -0.13251,-0.41644 -0.16878,-0.77894 -0.11475,-1.08417 0.0586,-0.30726 0.18749,-0.56207 0.38641,-0.76707 0.19924,-0.20522 0.447,-0.36279 0.74692,-0.47703 0.1667,-0.0635 0.33569,-0.10831 0.50799,-0.13457 0.17495,-0.0319 0.32193,-0.0447 0.44189,-0.0371 0.006,0.17234 0.0112,0.34487 0.0154,0.51759 -0.1163,0.005 -0.24832,0.0176 -0.39663,0.0381 -0.14818,0.0205 -0.28126,0.053 -0.3999,0.0981 -0.66217,0.25176 -0.8665,0.78618 -0.57642,1.63811 0.13828,0.40612 0.32976,0.68832 0.58115,0.84448 0.2536,0.14991 0.5594,0.16133 0.90976,0.0289 0.19789,-0.0748 0.36748,-0.16221 0.50818,-0.26081 0.14055,-0.0986 0.26317,-0.20104 0.36785,-0.30654 l 0.19782,0.47815 c -0.10035,0.10839 -0.22141,0.20772 -0.36297,0.29728 -0.13517,0.0919 -0.31051,0.17952 -0.52545,0.26077 -1.1e-4,4e-5 -2.2e-4,8e-5 -3.3e-4,1.2e-4 z m 1.56338,-4.70072 c 0.39111,-0.19598 0.71986,-0.26424 0.99725,-0.1974 0.27606,0.0663 0.51798,0.2792 0.71954,0.64305 l 1.17431,2.11991 c -0.13972,0.0773 -0.27997,0.15372 -0.42074,0.2291 -0.11683,-0.12823 -0.23314,-0.25681 -0.34894,-0.38576 -0.008,0.004 -0.0163,0.009 -0.0245,0.013 -0.0609,0.25265 -0.15755,0.46508 -0.28834,0.63603 -0.13059,0.17083 -0.34713,0.33179 -0.64898,0.47681 -0.32902,0.15808 -0.64008,0.20783 -0.92615,0.15183 -0.28808,-0.0599 -0.50293,-0.25883 -0.64804,-0.59131 -0.14159,-0.32443 -0.11075,-0.63385 0.0816,-0.92943 0.19157,-0.30109 0.55733,-0.58572 1.09722,-0.878 0.18695,-0.10235 0.37284,-0.20653 0.55762,-0.31252 l -0.0995,-0.18773 c -0.13877,-0.26191 -0.2945,-0.41252 -0.46451,-0.45329 -0.17045,-0.0408 -0.36143,-0.007 -0.57634,0.10075 -0.17033,0.0851 -0.32046,0.19036 -0.45144,0.31679 -0.13304,0.12246 -0.25327,0.24707 -0.36069,0.3744 -0.11698,-0.10695 -0.23325,-0.21441 -0.34881,-0.32238 0.10926,-0.14162 0.2488,-0.28366 0.4183,-0.4278 0.16782,-0.14809 0.35469,-0.27344 0.56215,-0.3774 -3.6e-4,4.4e-4 -7.1e-4,8.9e-4 -0.001,0.001 z m 1.50437,1.33824 c -0.16206,0.0939 -0.32497,0.18637 -0.48872,0.27749 -0.41555,0.22965 -0.68184,0.43317 -0.7975,0.62616 -0.11127,0.18914 -0.12183,0.38607 -0.0275,0.591 0.0833,0.18092 0.2041,0.28627 0.36353,0.31431 0.1639,0.0259 0.34234,-0.007 0.53296,-0.0997 0.29726,-0.14443 0.50732,-0.34281 0.62784,-0.5893 0.12276,-0.2528 0.10039,-0.53205 -0.0611,-0.83704 -0.0498,-0.0943 -0.0996,-0.18864 -0.14948,-0.28295 z m 2.03049,-3.4217 c 0.36506,-0.24847 0.74039,-0.33043 1.14052,-0.24462 0.40197,0.0827 0.79416,0.36501 1.16411,0.85592 0.36536,0.48482 0.52612,0.93966 0.46889,1.37258 -0.053,0.42835 -0.2881,0.79137 -0.70224,1.07305 -0.25649,0.17444 -0.50026,0.27367 -0.72704,0.29913 -0.22268,0.0228 -0.41991,0.003 -0.59108,-0.0561 -0.0126,0.008 -0.0251,0.0158 -0.0377,0.0237 0.0443,0.0609 0.10167,0.13745 0.17188,0.22906 0.0747,0.0889 0.13455,0.16892 0.17943,0.24032 l 0.77756,1.23692 c -0.19461,0.12227 -0.39037,0.24266 -0.58726,0.36115 l -2.65841,-4.41442 c 0.138,-0.0831 0.27535,-0.16734 0.41203,-0.25262 0.1083,0.12289 0.21694,0.24553 0.32593,0.36791 0.007,-0.005 0.0145,-0.009 0.0217,-0.0137 0.01,-0.18927 0.0599,-0.37562 0.14904,-0.55993 0.0891,-0.18431 0.25366,-0.35576 0.4936,-0.51908 -3.3e-4,2.5e-4 -6.6e-4,5e-4 -9.9e-4,7.6e-4 z m 0.18624,0.46753 c -0.30801,0.20805 -0.47355,0.43503 -0.49518,0.69084 -0.0215,0.25477 0.0743,0.56132 0.2915,0.91596 l 0.0601,0.0956 c 0.23343,0.37143 0.47773,0.61718 0.73857,0.73494 0.26158,0.11082 0.57754,0.0484 0.93741,-0.19488 0.1963,-0.1327 0.32599,-0.29276 0.38834,-0.47699 0.0599,-0.18817 0.0581,-0.38816 -0.004,-0.59958 -0.0586,-0.21427 -0.16656,-0.42829 -0.32221,-0.64366 -0.2384,-0.32989 -0.49804,-0.54437 -0.77315,-0.64698 -0.27226,-0.10548 -0.5434,-0.063 -0.82123,0.12472 4e-5,3e-5 9e-5,5e-5 1.4e-4,8e-5 z"
         id="path72"
         aria-label="@gravi.cap" /></g><ellipse
       style="display:inline;opacity:1;fill:none;fill-opacity:1;stroke:#810ec8;stroke-width:5.50395;stroke-linejoin:round;stroke-miterlimit:1000;stroke-dasharray:none;stroke-opacity:1"
       id="path8"
       cx="105.06187"
       cy="147.26176"
       rx="101.27538"
       ry="101.27537"
       transform="matrix(0.585619,0,0,0.585619,29.18132,81.921198)" /></g></svg>
